6
18  128 128 128 128 128 128  0 255 255 255 128 128 255 255 255 0  128 128
17  128 128 128 128 128     0 255 255 255 128 128 255 255 255 0  128 128
16  128 128 128 128         0 255 255 255 128 128 255 255 255 0  128 128
15  128 128 128             0 255 255 255 128 128 255 255 255 0  128 128
14  128 128                 0 255 255 255 128 128 255 255 255 0  128 128
13  128                     0 255 255 255 128 128 255 255 255 0  128 128

6
13  128 128     0 255 255 255 128 128 255 255 255 0  128
14  128 128 128     0 255 255 255 128 128 255 255 255 0  128
15  128 128 128 128     0 255 255 255 128 128 255 255 255 0  128
16  128 128 128 128 128     0 255 255 255 128 128 255 255 255 0  128
17  128 128 128 128 128 128     0 255 255 255 128 128 255 255 255 0  128
18  128 128 128 128 128 128 128     0 255 255 255 128 128 255 255 255 0  128
